img_path
download_data_10272022/njs_it/image/full/833782694640187_00.jpg
download_data_10272022/njs_it/image/full/832515431112992_00.jpg